time,x,y,z,phi,theta,psi,x_velocity,y_velocity,z_velocity,phi_velocity,theta_velocity,psi_velocity,rotor_speed1,rotor_speed2,rotor_speed3,rotor_speed4
0.06,1.1645570670758198e-07,1.5313492761183266e-06,10.006040812550244,0.0007477550468992789,6.28312844083478,0.0,8.318197660227352e-06,0.00010938099393393147,0.2013457281995626,0.024925408035042035,-0.0018956207844384905,0.0,468.18433495404884,468.0368654020508,466.8244197268787,468.7649087396256
0.12000000000000001,1.8301738278904388e-06,3.20697076442585e-05,10.02281614442108,0.002797871552020048,0.00010237742296226315,0.0,4.127171406291395e-05,0.0011143977460728305,0.3577950334395188,0.04341030193564527,0.007204062975419764,0.0,454.03373877302033,454.7630668155609,453.8984817204455,455.3796181487288
0.18,4.483678307168766e-07,0.0001810528046021084,10.051327756489211,0.005915025685379938,0.00023113172106814517,0.0,-0.00011535903480736004,0.004210721331304009,0.5924982084129518,0.06049225257254626,-0.0029125356929264345,0.0,477.0754980595067,476.30248400063596,478.46203195528335,479.7618861264754
0.23999999999999996,-1.2237491668891256e-05,0.0005797708206529612,10.091214285329356,0.010172509770650429,0.0007890023528211998,0.0,-0.00034153991971559326,0.009518927052037683,0.7369670213278601,0.08141915754779536,0.021508676703107736,0.0,449.0166818711155,450.99317709824635,451.50570763689007,453.19402105114
0.3,-5.107289602339887e-05,0.0013557534310533253,10.13627573108871,0.014992928895413371,0.001656013216373431,0.0,-0.001045067440002873,0.01678930689912591,0.7650571955898899,0.07926208555419789,0.007392076103940476,0.0,413.4700380806893,412.2246145946573,415.32029287955305,415.13684113472317
0.36000000000000004,-0.00015253145901926533,0.0027189289176533147,10.186947073798613,0.01965279970830558,0.001981113667453016,0.0,-0.002377053303707085,0.029167456730578058,0.9238634925453444,0.07606779852181635,0.003444535608716422,0.0,456.3664161650048,456.0511596664955,455.5669961284163,455.31626291876313
0.4200000000000001,-0.00033476055315570367,0.00488280000640542,10.244957863955989,0.02362121654799587,0.00146220787666973,0.0,-0.003669424370580209,0.04337638097472351,1.0097481920256801,0.05621742798599414,-0.020741857803304953,0.0,434.7678654416939,432.7369747784463,433.73000717420274,432.0637127590509
0.48000000000000015,-0.0005793744845199552,0.007959213301581612,10.307377747113136,0.027667243587528922,0.000472917462724709,0.0,-0.004380872221094744,0.059537095012266304,1.0708495267761122,0.07864536898868922,-0.012234753979415224,0.0,425.78276215862064,426.50990501197464,423.86998182999537,425.7960189094793
0.5400000000000001,-0.0008523662614267347,0.012298664917548557,10.380892159839537,0.03183060355951106,0.0001949642688590103,0.0,-0.004661580445555599,0.08567967412199373,1.379293281937418,0.060137784689287675,0.0029698971791267135,0.0,499.5457392098008,500.6531997002086,500.42903411782413,499.08364701000806
0.6000000000000002,-0.001137699403259583,0.018162969057911652,10.468278079490712,0.034960113981650665,0.0006612365470006765,0.0,-0.004890219514952197,0.11015231018402893,1.5333634922107517,0.04418202888249284,0.012572678974373312,0.0,455.4025074116244,456.1697987431728,456.3062670128475,455.032820001119
0.6600000000000003,-0.0014461220034852303,0.025480176788476604,10.56258888510886,0.037651162389270354,0.0008405068254964121,0.0,-0.005427045433926786,0.13401435007027954,1.6102137712331017,0.04551940202211332,-0.006597306047432745,0.0,433.3866210795826,431.7724128856655,431.31655736172144,431.43068744905247
0.7200000000000003,-0.001793049777454568,0.03446433872012319,10.666273340206736,0.040141345404324014,0.0015288594525966204,0.0,-0.006176818028421672,0.16575735671640562,1.8455706960944083,0.03748771329903266,0.029542929971670552,0.0,479.85132396791914,482.5867635985027,480.2290587130438,479.6203644756698
0.7800000000000004,-0.0021956827877241563,0.045128698972409634,10.77708768477744,0.042047572218047335,0.0026854273755967384,0.0,-0.007363660293245876,0.18989725276625927,1.848227121199961,0.02605426311878504,0.009010384441351283,0.0,409.54975488141616,407.7196533891671,408.85520556284706,407.8359106842484
0.8400000000000004,-0.0027000082918180453,0.057461523077064376,10.89248574645076,0.04396899377394092,0.0036004287942299484,0.0,-0.009532975170155293,0.22138221521169107,1.9981134609134075,0.037992201684387744,0.02148953414551813,0.0,455.24637130667014,456.2436282824627,455.69182454570307,456.64532325502887
0.9000000000000005,-0.0033447684985334278,0.07157814306785613,11.013480121268472,0.04679080595261542,0.005300275392199794,0.0,-0.012103722883122075,0.24941225932705083,2.0349528520457643,0.05606576703407462,0.03517114808459719,0.0,419.86824944726743,421.05369693047766,419.9659280251082,421.5318329277045
0.9600000000000005,-0.004212147925712713,0.08769440869533168,11.142249133274369,0.04926324904941293,0.008621306672363716,0.0,-0.017157052403982697,0.2881077819054376,2.256913327532145,0.026353148213551357,0.07552386986747611,0.0,476.4913525947632,479.56752348143533,479.4653916657827,477.2039687100004
1.0200000000000005,-0.005480559530044391,0.10623299918493596,11.285308006307856,0.05019171055972471,0.012852666538576862,0.0,-0.025659525926524034,0.3299598471425407,2.511174685281219,0.004596256040728358,0.06552387885294386,0.0,489.11691442647395,488.3751544899911,488.82665943422415,487.20269454442786
1.0800000000000005,-0.0072939534166501785,0.12704244119627592,11.43847244612709,0.0506282553466777,0.016662809328011008,0.0,-0.03516782697186318,0.3637140847196831,2.594110171043509,0.009955320503655276,0.061481744576720954,0.0,437.0205799330704,436.68662902266954,438.7440088333737,439.18861055915215
1.1400000000000006,-0.009759229399643472,0.14990013091408771,11.596882116610418,0.051281611468183996,0.020634399522901248,0.0,-0.04739552781373166,0.39825878782815455,2.6859852134016315,0.01182321521203465,0.07090256905894568,0.0,440.94792944969305,441.72859245319336,440.9391057788077,441.0932634566817
1.2000000000000006,-0.013070752011434476,0.17491299169343036,11.76217555868825,0.05135495719620753,0.025036415845962168,0.0,-0.06344994851185484,0.4355129694076061,2.823448640167937,-0.009378816169693,0.07583009895483687,0.0,456.0708234808386,456.4681385191165,456.27725525055087,454.58141071964707
1.2600000000000007,-0.01738553175762996,0.20204718290898596,11.933544659540953,0.05110704718224124,0.02915138567156994,0.0,-0.08078474028806831,0.4689129727171865,2.8886774655522554,0.0011153305819515133,0.06133905182155698,0.0,434.3970104464693,433.18416427291913,433.6082841202876,434.48908025834726
1.3200000000000007,-0.022859884332990296,0.23125332612416,12.11020409163613,0.05194514111195492,0.032767052217339554,0.0,-0.10206224006648014,0.5046660217771136,2.9996634420989903,0.02682121666755361,0.05918359481078214,0.0,448.6830360627933,448.5105827271198,447.9312399394615,450.0167802650424
1.3800000000000008,-0.029773734019128126,0.262763005412802,12.296132993689039,0.05372651144513174,0.03617682964965674,0.0,-0.12878422275021306,0.545824581572033,3.1973991770594523,0.03255739052164014,0.05447652386604728,0.0,475.5786995684864,475.22008291998867,475.6934213780173,476.1326491509238
1.4400000000000008,-0.0382867887994827,0.2966622330398556,12.491619359117223,0.05693961694501937,0.04000742551141201,0.0,-0.15535454675798102,0.5844196035542213,3.318426053028082,0.07454014533517926,0.07320628199103317,0.0,452.2113517919597,453.7201753972744,452.86241580739875,456.22831432345015
1.5000000000000009,-0.04848567586991729,0.33296072282681044,12.694519941519934,0.06092493111758834,0.044371195321564194,0.0,-0.18505609096933207,0.6259422273593245,3.444493250081654,0.05830742397616647,0.07225294713401939,0.0,456.0642783647779,455.99209640150366,456.8966048272254,455.6040628441154
1.560000000000001,-0.060434861676029364,0.37165797815183593,12.902176953208206,0.06342058188783994,0.04953799031038297,0.0,-0.2136958914793152,0.6642139665449025,3.477255636758539,0.024885834267688797,0.09996571594318249,0.0,425.8363412348685,428.20621582503395,429.4005670110378,426.5573208624403
1.620000000000001,-0.07414956043544904,0.4126237582476854,13.110740611567907,0.06452083508622675,0.05527834890528904,0.0,-0.24396748717184347,0.7014108849440587,3.474826726734878,0.011789818726807833,0.09138253497905961,0.0,416.25781461600644,415.51476477715414,416.98967201893845,415.84403644974225
1.680000000000001,-0.08978954960185961,0.455845746600664,13.319305162863479,0.06440529206685408,0.06106583014044098,0.0,-0.2778634001083838,0.7393254466714289,3.4772739132719273,-0.015641802493382786,0.10153009699337028,0.0,417.49898893207774,418.3917294037449,418.9987342128556,416.6069070379794
1.740000000000001,-0.10780717830213768,0.5015806189577725,13.531860329178794,0.06271186597219192,0.06677111260991175,0.0,-0.32332051907534953,0.7849783236904622,3.60744838519671,-0.04080440278600247,0.08865040353855837,0.0,459.85437924265165,458.8407320147646,459.2948897798146,457.2947038321422
1.8000000000000012,-0.12912391414069274,0.5504247707789838,13.758857238682241,0.06024994702426589,0.07185947697130501,0.0,-0.3878772076939576,0.8427318935196718,3.957912621965214,-0.04125950990053843,0.0809640054859706,0.0,523.4799388964825,522.9496829754272,522.1021784303058,522.0698166997573
1.8600000000000012,-0.15372551775214147,0.6020646749529255,13.996876112240223,0.05873265984985032,0.07640686902506477,0.0,-0.43259010328196124,0.8784161989143783,3.9759495698161555,-0.009319312948571749,0.07061849069055905,0.0,426.963991287683,426.08542779840997,425.77172276727,428.49544172910635
1.9200000000000013,-0.18120966711448722,0.6559095143596743,14.237508374681042,0.057457629641546326,0.08020739794890819,0.0,-0.48391414620867196,0.9162836190695872,4.044837732749539,-0.03318104790255345,0.0560689946059483,0.0,445.08772482089836,443.8985006084895,443.4136811400436,441.4489410776327
1.9800000000000013,-0.21160816648343575,0.7118264359866056,14.479345861278842,0.054661276521747126,0.08297412094453893,0.0,-0.5296250639008113,0.9473956294378878,4.016489844233752,-0.06002729933059475,0.03615821902011593,0.0,413.3811442285115,411.6244726183001,412.99809196374287,410.62197804315286
2.0400000000000014,-0.2450382982724397,0.7697139826634537,14.722395405101368,0.05107825058743387,0.08565891489224153,0.0,-0.5849389201346932,0.9818113148841869,4.084900122872154,-0.059407019828600215,0.05333277339770489,0.0,442.08927454754615,443.5032359465784,444.6361150114495,444.68441168633933
2.1000000000000014,-0.2820490858149943,0.8297125327350011,14.97193170082074,0.04717894445978299,0.08831055683921374,0.0,-0.6490187406585227,1.0176840311650142,4.232412266527245,-0.07056754132694354,0.0350579244528946,0.0,468.9818621068596,467.561401135904,469.4420657776595,468.57251609748005
2.1600000000000015,-0.32268089579106934,0.8916262316915534,15.227163274429628,0.043373265910572556,0.09103513872846225,0.0,-0.705599690245643,1.045713213559288,4.27512780537787,-0.05629154621688868,0.055758881669060054,0.0,436.4081304137296,438.13380829295534,436.74502331999497,437.93091876409574
2.2200000000000015,-0.3666432803944588,0.9550935942283181,15.483656609524202,0.040221441972907,0.09389817603590078,0.0,-0.7600807939194555,1.0695694421621889,4.274623114319984,-0.04877055158132223,0.03967825997590282,0.0,423.8528705752373,422.47022251219556,423.7180960995975,424.36218294050866
2.2800000000000016,-0.4141371352765686,1.0200261733782137,15.742387171696183,0.037881697169578565,0.09532698301929354,0.0,-0.8231975570154828,1.0945759114423095,4.349416868543532,-0.02922339700738147,0.007950970097981956,0.0,449.29232551567804,446.7126702524337,447.0905455899037,448.6794996710516
2.3400000000000016,-0.46526375449038315,1.0863432545741705,16.00373933517216,0.036066044013615794,0.09563294527914135,0.0,-0.8810581007167004,1.11582001941242,4.362255921646705,-0.03129821319775841,0.0022476768212081615,0.0,429.06695375703333,428.582331179374,428.733130966116,428.5564729792293
2.4000000000000017,-0.5200513127819936,1.153967292285204,16.267763494058926,0.03400513397520033,0.09586718287125606,0.0,-0.9451939032336448,1.1380952943390052,4.4382378227985395,-0.03739823843562473,0.0055603379270495945,0.0,448.9011058257866,449.16979882126014,449.4101577457496,448.9149708277236
2.4600000000000017,-0.5786241942042477,1.2228584303763763,16.535616657586594,0.03151606635703175,0.09623974036250438,0.0,-1.0072599020782167,1.1580283966529519,4.48998184133871,-0.04556972240569003,0.006858268201426202,0.0,441.95901649634874,442.0658919877151,442.54550961921564,441.871470617185
2.520000000000002,-0.6411046596093638,1.292950370504214,16.808360432814563,0.029341214587982556,0.0973224018113319,0.0,-1.075478450289716,1.178098819334779,4.601006966999092,-0.026927446686580005,0.029230135421289046,0.0,460.30603461233727,462.0731689885557,460.13755788034655,461.6104266225887
2.580000000000002,-0.7074673400393332,1.3641305773683337,17.08531242448087,0.02763550426548722,0.0991434321373923,0.0,-1.136773962313761,1.1944067542837284,4.630567621445748,-0.029929355352256798,0.03147070179095411,0.0,437.1348373844827,437.321829235775,435.92041918865203,435.6692476334904
2.640000000000002,-0.7781437068687231,1.436419478168216,17.37003963862462,0.026044843603384216,0.10084773345112197,0.0,-1.2192332997630813,1.214985222177836,4.859329461001048,-0.02309310641103829,0.025339780109704824,0.0,496.63275707371787,496.1829864517288,497.1271446527471,497.6277581172601
2.700000000000002,-0.8533098735587226,1.5097767279996455,17.663548802101804,0.025072363045906876,0.10249808638809377,0.0,-1.2864447430803545,1.2301321879605651,4.9239824872368425,-0.00932334105972138,0.02967170737447587,0.0,449.90319484673586,450.25399495519673,449.6488475243031,450.7631772798027
2.760000000000002,-0.9326807925150568,1.584059008732856,17.962255592685924,0.025398987118964378,0.10392460793826253,0.0,-1.3593751478461522,1.2459278385779855,5.032372892522756,0.020211503306158507,0.017879704522636625,0.0,465.61585904536463,464.69239400942416,462.2791761740327,464.6009424542286
2.820000000000002,-1.01601242702482,1.6591915447998185,18.26319255878476,0.02718519111085005,0.10492151895890878,0.0,-1.4184605230486063,1.2586213559255177,4.998953921245904,0.03932738646540502,0.01535073175882195,0.0,420.0908082007919,419.87136025117746,419.7596354604691,421.4157564098928
2.880000000000002,-1.1034755169377277,1.735266448959674,18.567481810288918,0.02987170959277563,0.1060982051093955,0.0,-1.4970399498618663,1.2774677763176996,5.143291380133687,0.05022185364571611,0.023871899404525738,0.0,475.2177111426697,475.8704384736212,476.01163876811347,476.8456069519294
2.940000000000002,-1.1952776124792008,1.8124167770436992,18.87661084863107,0.0327400113992109,0.10759730908297716,0.0,-1.5631690255436756,1.2944665237988653,5.16084842379966,0.04538893735270341,0.026098108258039997,0.0,438.47214386224533,438.657178299106,438.48416503340115,438.08391423046993
3.000000000000002,-1.2910143440297486,1.8906182005983934,19.18618551634669,0.035526013549914914,0.10930400529357787,0.0,-1.6282169615322928,1.3124839350265294,5.158235831686106,0.047477505261268454,0.030791443876060517,0.0,432.42574367978665,432.8212048622522,431.7736873605265,431.95120159101236
3.0600000000000023,-1.3904968826297226,1.969886296770312,19.493853736495225,0.0381834434168562,0.11095101567702592,0.0,-1.6880504526690396,1.3300038279808721,5.097570165955581,0.04110438198490873,0.024109392026794997,0.0,413.71148498561826,413.12290559917074,412.92803791571015,412.36670906092746
3.1200000000000023,-1.494307884400893,2.0504930536046975,19.804226650838835,0.04144188125100712,0.11165673067219561,0.0,-1.7723628747913411,1.3571827373122984,5.247404126398736,0.06750615779777501,-0.0005850935715577561,0.0,479.480575228791,477.6004883326232,478.82334917854007,480.8293697478389
3.1800000000000024,-1.6027120809135826,2.132625470282008,20.119288386856667,0.04513127078234014,0.1113795234262902,0.0,-1.8411146901292779,1.3808953390323242,5.254544454111989,0.055476021651662225,-0.008655376830349844,0.0,436.3893150935061,435.7150821820045,438.1168858142938,437.1183483079187
3.2400000000000024,-1.7148985998946376,2.216103711467026,20.43170017238976,0.048599204913426064,0.11142296421242026,0.0,-1.8985036076811979,1.401977816795588,5.159563413733851,0.06012091565285479,0.010103871337076128,0.0,400.9189949268047,402.6202008959577,403.47770309045336,403.89951142715273
3.3000000000000025,-1.8313029517726114,2.3012340651428134,20.745237701427445,0.051884118242205624,0.11148798636265234,0.0,-1.9816251843888855,1.436023572140872,5.290973855536514,0.04937813125710786,-0.007936943327291932,0.0,475.37265331330656,473.9879491442324,475.29789470088315,474.47570015302966
3.3600000000000025,-1.9526485816379358,2.3884528222553763,21.066196040312946,0.05580189926022161,0.1110139689037446,0.0,-2.063147998018903,1.4716062663202263,5.406990355235318,0.08120839393580657,-0.007863637761862706,0.0,471.2988758106802,471.3046630578899,470.67816773726037,473.13793334152524
3.4200000000000026,-2.078542639065097,2.4777187131922487,21.39105247467164,0.05930926860289176,0.11074088471013699,0.0,-2.1333152307000796,1.5042649035888076,5.421399079166764,0.0357139227917172,-0.0012390406068407533,0.0,440.84442739443216,441.39167154539274,443.78610075078694,440.03872761997275
3.4800000000000026,-2.2089887859913837,2.5691771025125494,21.7197934944394,0.05998672237934599,0.11121170684578363,0.0,-2.214889604106271,1.5444184855600531,5.535986838608456,-0.01313051528514668,0.016933551424026857,0.0,471.3011272778621,472.7037657819293,475.4637894138653,471.70631124407197
3.5400000000000027,-2.3441671268498614,2.662950650619918,22.053772553030605,0.060115792357901654,0.11197111896024214,0.0,-2.29113614063473,1.5813100599518142,5.596271917393514,0.01743349021985075,0.008380295800722914,0.0,458.2141333329903,457.53342862701464,456.1160568710383,458.5509645380185
3.6000000000000028,-2.48385760051193,2.7588961574643167,22.390616112953964,0.06080405816876322,0.11247974861551135,0.0,-2.3652763133778203,1.61691841411776,5.631589533011775,0.0055088325349617676,0.008574027791884072,0.0,450.2415563883945,450.25711237357746,451.4747350299729,450.5112830304178
3.660000000000003,-2.6282873582054247,2.8571344442955784,22.731982048620733,0.06213623079266739,0.11285761402441175,0.0,-2.449063966501569,1.6577395120043026,5.746592888737308,0.038896194269405104,0.004021412401149563,0.0,475.4175364296527,475.0684088846555,474.44645674721244,477.00339960543977
3.720000000000003,-2.7769897700100965,2.9574283240266945,23.073462876565053,0.0642320351679686,0.11229433261667143,0.0,-2.507772287264829,1.6855649553640006,5.6366067977349585,0.030964776478551025,-0.022797902589784085,0.0,405.5644146064024,403.1478093870978,405.23885142697486,404.52583239398405
3.780000000000003,-2.9297286193096714,3.0597144939788308,23.412901965055408,0.06688529629880335,0.11110223619205417,0.0,-2.5834328125733057,1.724167909616632,5.677750313718127,0.05747421110781326,-0.016938878745073254,0.0,453.18595599193094,453.65676746466625,452.1913465904779,454.32306919619873
3.840000000000003,-3.0866736095087908,3.1641734519881144,23.751909144238954,0.07048919927163055,0.11003890668918181,0.0,-2.6480675281614614,1.7580844577575407,5.622697111419936,0.06265488329673378,-0.018505393456174055,0.0,423.1909447030222,423.0561105609053,422.446908337709,422.8961468673218
3.900000000000003,-3.2478264749291834,3.2709410262136425,24.090645749045017,0.07462186663236459,0.10851092867502832,0.0,-2.7235925200324993,1.8011808163835956,5.668198418107934,0.075097933286898,-0.03242652540529195,0.0,455.2742925042307,454.15882097747897,454.5388758075602,455.53838946947457
3.960000000000003,-3.413742395588756,3.3805463070070507,24.43439506194371,0.07914606529172019,0.10711394193397084,0.0,-2.806759082320216,1.8527412764632714,5.789371287189064,0.07570853375979064,-0.01414079707843477,0.0,477.4618755938904,478.8550483898153,478.79086166655424,478.841328919542
4.020000000000002,-3.58443782288765,3.493193843762227,24.783586901296633,0.08358939865853543,0.10580800927242784,0.0,-2.882998905030193,1.9025646906286242,5.849921531782569,0.07240341275849753,-0.029389789359411146,0.0,461.9044375851582,460.70009533567804,462.30419670153236,462.04776884866095
4.080000000000001,-3.75956796143409,3.6088148114326137,25.135224141488873,0.0879566251258117,0.10425151934112442,0.0,-2.9545751078783375,1.9518342415113323,5.871107436971014,0.07317061455632361,-0.02249365477126719,0.0,450.5885767034216,451.1456931303364,449.89436707532,449.9605092283086
4.14,-3.9389656356523686,3.7274583875936615,25.48800386138515,0.09219922669578828,0.10237885173604067,0.0,-3.0252496933554123,2.0033089937564137,5.888026575914311,0.06825062372435868,-0.03992738586223872,0.0,450.84703135641416,449.435702984719,449.0633552753104,448.6678749291308
4.199999999999998,-4.12234905533256,3.8490534774287566,25.839527803522827,0.09678354011553036,0.09980789019613479,0.0,-3.087438657768129,2.0502188330324813,5.829679951825536,0.08455573059443768,-0.04577060209636659,0.0,425.6464625563983,425.144953809107,424.9204093181435,426.3207358403818
4.259999999999997,-4.309469218575105,3.973565610847414,26.18786228758372,0.10124055038721647,0.0965899846547531,0.0,-3.14975878291874,2.1005652577986047,5.781658691096374,0.06401675862022699,-0.06149038603596753,0.0,429.338775908878,428.0008656624355,429.01519880071584,427.2723981096569
4.319999999999996,-4.5002670871662875,4.101140119638576,26.53306695776256,0.10546819564468368,0.09236176848097255,0.0,-3.2099672652406492,2.1522520879503086,5.725426004174313,0.07690178938148189,-0.07944608815099133,0.0,426.356590792273,424.81570083071557,424.31457907172006,425.4233256128442
4.379999999999995,-4.69447461404518,4.231706413193448,26.87325166858338,0.11027305821231259,0.08760638352112515,0.0,-3.2634278064927744,2.2003374257300004,5.614623133577803,0.08325855810747576,-0.07906684781078616,0.0,406.14373729987153,406.1720697559661,405.5938556264449,406.1701507032886
4.439999999999993,-4.8921639825872765,4.365637299201024,27.210485805063115,0.11546900370525748,0.08225743644484318,0.0,-3.325850476171312,2.264455229312886,5.62641199756905,0.08993764354337226,-0.09922538763380476,0.0,447.5159806448731,445.8656952270335,444.2357695360184,444.78923212610664
4.499999999999992,-5.0935910405761184,4.50360697465876,27.549285772107343,0.12067168722789923,0.0768504778809822,0.0,-3.3879464116385956,2.3349795146532872,5.666668886678035,0.08348710827251593,-0.08101250911456268,0.0,453.6294415439899,455.082759263203,455.4397714222337,454.92964929101083
4.559999999999991,-5.298544492543532,4.645709460959633,27.888934727632176,0.1250482391738581,0.07158871285802793,0.0,-3.4434993969129875,2.4021442003544364,5.654991273605674,0.062403460791014456,-0.09437568953286232,0.0,438.3595526397931,437.2412935162365,440.7263010445398,438.9845891587096
4.6199999999999894,-5.5069373341014645,4.792227357586566,28.23039623402844,0.1288485773096939,0.0657074855667803,0.0,-3.5024367536254215,2.4820790224489118,5.72666637630183,0.06427409157596006,-0.10166274122800212,0.0,464.4805239395819,463.9009948277876,465.5206901001621,465.66975245840194
4.679999999999988,-5.718425065776557,4.942923809329045,28.57087720792626,0.13298011360575668,0.059328322117012,0.0,-3.5468465605048856,2.5414710493528596,5.623261985061444,0.0734417055943612,-0.11097254719050118,0.0,409.5645328527941,408.72483322461284,408.2359752998227,409.0572183190274
4.739999999999987,-5.932850714540837,5.09802792213635,28.911025166705226,0.13662129604278217,0.05301502387896306,0.0,-3.6001061699575985,2.6289625663649234,5.714515548081585,0.04793648699744449,-0.09947510422118146,0.0,470.79222184639855,471.6717889143505,470.73650919731944,468.76122240155706
4.799999999999986,-6.150316455843783,5.258314025521588,29.255701046856313,0.1395854163909691,0.04693560566704136,0.0,-3.648258823488045,2.714108211868863,5.774369553147973,0.05086708397559032,-0.10317085478082837,0.0,461.9036053999723,461.60365197769073,461.9545745848296,462.18702930756893
4.859999999999984,-6.370609217817701,5.423865229178722,29.604729394010477,0.14189433130726137,0.04108605823914502,0.0,-3.694319698352511,2.8044145248290033,5.859461143572596,0.02609983911284137,-0.0918180321184297,0.0,470.03348984191314,470.90476518789,470.9367771292512,469.01767235740294
4.919999999999983,-6.593476742622351,5.59454145025511,29.956587037312694,0.1431283836554602,0.03517674655703651,0.0,-3.7341854453481886,2.8848576666651953,5.869120100443765,0.01503575034879548,-0.10515450348198453,0.0,448.50074142532173,447.40816309039775,448.08830348385817,447.1877861571734
4.979999999999982,-6.818625269775808,5.769960660666314,30.30837911303612,0.14419850134219914,0.028005501304323666,0.0,-3.770289391903382,2.962499505210288,5.857430673843897,0.020634700946539294,-0.13387515336112124,0.0,441.64455290108214,439.2567646823712,441.22303584549303,441.6850640521086
5.0399999999999805,-7.045853621848783,5.950153255816667,30.66020283548812,0.145835920188234,0.01980643067366117,0.0,-3.8033798647369377,3.04400258010132,5.87006043625432,0.03394517370451579,-0.139424452034896,0.0,448.6033433770514,448.13556065724913,447.8351777249939,448.9168926775698
